46442073 52257716 51756426 51754444 46442073 51756415 52002046 51754444
46136620 51754445 51754445 52261666 52257717 52261655 51754445 52261655
52305142 52303336 52303173 52303336 46115315 52305142 52257540 46115315
51756427 52303337 52303337 52257717 52257704 46140602 52257541 52261655
52261511 52261654 52305307 51754457 46136632 52257705 52261511 52261654
46420410 46115162 46420410 46442072 46416452 52002047 46442072 52002047
52261510 52261510 52305143 52257541 52257541 52305143 51754313 52261523
52001702 52305130 52303324 52305130 52001702 46115327 52303172 52305130
52257541 52303172 52303337 52303161 46115314 52303172 46115314 52305143
46115162 52303324 52303161 52002047 46115162 52002047 52303337 52002047
51754457 52261654 52305307 52261511 51754457 52257705 52305307 52261511
46416441 46416452 46416452 46416452 46416441 46420410 46115162 46115162
52257705 52257716 52257540 52261654 52257705 52303336 52257705 52257705
51754445 52261523 52261655 52257717 52261666 52261655 52261666 52261666
52305306 51754456 46136633 51754456 52261655 52257704 51754456 52261510
52261523 52305275 52261655 52257717 52261666 52261523 46136620 51754445
52303160 46115315 52305142 52303160 52303160 52303173 52305142 52303160
46420410 46416441 46416452 46416441 46416441 46416452 46115162 52002047
52303172 46115314 52303161 52001671 52001671 52305143 52303172 52303172
51754313 52305143 46136776 51754313 52261523 51754313 51754313 46136776
52303325 52305274 52257716 52002046 52303160 52303325 52303160 46115163
46420410 46442072 46416441 52002047 52002047 46416441 46115162 46115162
52257553 52303173 52257553 52303173 52261511 51756263 52261511 46140746
46136632 46136632 46136632 52261654 52257705 52261654 52305307 52305307
52257541 52303337 52303337 52257541 51756427 52257717 52257541 52261655
46115163 52303336 52303336 46115163 52303160 46115163 52303325 52002046
46444206 46420566 51777733 46420410 46420566 46444206 46420566 46420555
46420410 46416604 46420410 46115162 46416604 46416441 52002047 46416452
52261523 46140734 51756251 52257717 52261523 46140734 51756251 52303161
46136620 52261523 52261655 52261666 52305275 52261523 52261523 52261666
52257716 52261667 46136621 52261654 51754444 52305274 46136621 52305274
52303172 52305143 52303337 52303172 52257541 52303337 52303161 46115314
52257704 52257541 52303337 52257541 46140602 46140602 51756427 52303337
52257717 51756251 52257552 52257552 52303161 52257541 52257552 52257541
52002046 52303160 52303325 52002046 52303336 52002046 52002046 52303336
52257541 52257704 52303337 46140602 52303337 46140602 52257717 51756427
52002046 52305274 52257716 52303325 52305274 52303160 52303325 46115163
52002047 46115162 46115162 52305275 52257717 52305275 52002047 52303161
52001670 52305142 52303336 52303160 52303173 52305142 46115315 46115315
46416604 46420410 46416604 52002047 46416441 46420410 46416604 52002047
46140746 52257553 46140746 52303173 51756263 46140746 52261511 52257540
51756426 52257716 52261654 52303336 46140603 52257540 52303336 51756426
52261655 52257541 52257541 51754313 51754313 52305143 52261510 52305143
52001702 52001702 52303161 52303161 52305130 52305130 52001702 52257552
51754313 52257541 46136776 52261510 46136776 51754313 52261510 46136776
52303337 52257541 46115314 52257541 52303337 52305143 52303161 52001671
52303161 52257541 52257717 52257541 52257717 52257552 52257541 52303161
52261655 52305143 46136776 46136776 52257541 52261523 51754313 52261523
52257716 46136621 52305274 52261522 52261667 52261654 46136621 46136621
51756415 51756415 51756415 51756415 51756415 52257716 52261667 52257716
46442072 46416441 46416441 46416452 46416441 46442072 46115162 46115162
46140602 52257704 51756427 52257717 52303337 52303337 52261655 52303337
52261655 52257704 52261510 52261510 46136633 52257704 52305306 52261655
51754313 52305143 52257541 52257541 52305143 52261523 52261523 52305143
52305274 52257716 52303160 46115163 46115163 52257716 52305274 52303325
46444206 51777733 46420410 46420410 46113356 46444206 46113356 51777733
52002047 46416452 46420410 46420410 46420410 46420410 46442072 46115162
52257541 52303161 46115314 52001671 52305143 52303337 46115314 52305143
52257541 52261655 46140602 52261655 52257541 46140602 52261655 52261655
52257716 52257716 52257716 52257540 52257716 52261654 52261654 52257540
46442072 46442072 46420410 46416441 46416452 46416604 52002047 46416604
52303336 46140603 46140603 52257540 52257705 52303336 52257540 52257540
52261523 52261666 52261523 52261523 52261666 52257717 52261655 52261655
46442072 46416452 46416452 46416441 46416441 46115162 46416441 52002047
52257704 52261655 52257704 52257541 52257541 51756427 46140602 52261655
52261655 51754313 46136776 51754313 46136776 52305143 52257541 51754313
52303337 52303324 46115162 46115162 52303337 52002047 52303337 52303337
52303172 52001671 52305143 52303161 46115314 46115314 52303172 52303337
52261654 52257705 46136632 52257705 52305307 51754457 52261654 51754457
52257717 52305275 52261666 52257717 51754445 46136620 51754445 52261666
52261654 52257705 52261654 51756426 46140603 52261654 52261654 52257716
46416441 46420410 46416441 46420410 46416452 46442072 46416452 46115162
46115150 46115326 46115326 46140570 46140570 46140570 46115163 46115150
46442072 46416441 52002047 46442072 46115162 52002047 46416604 46442072
46420410 46420410 46416604 46416452 46420410 46442072 52002047 52002047
46416441 46420410 52002047 46416452 46420410 46416604 52002047 46416441
46416452 46420410 46416441 46420410 46442072 46420410 46416441 46420410
46416604 46115162 46416441 46115162 46442072 46416452 46420410 46416452
46115162 46416452 46115162 46115162 46442072 52002047 46416452 46416452
46442072 46420410 46420410 46115162 46416604 46416604 52002047 46115162
46115162 46115162 46416604 46416441 46442072 46420410 46442072 46442072
46442072 46416452 46442072 46115162 46416604 46416604 52002047 46416441
46416441 46420410 46416452 46442072 46420410 46416441 46442072 46416441
52002047 46416604 46416452 46420410 46442072 46416441 46115162 52002047
46442072 46115162 46416452 46442072 52002047 46416604 52002047 46416452
46420410 46416441 46442072 46420410 46115162 46115162 46416452 46416441
46416441 46416452 46115162 46442072 46416452 46416604 52002047 46416452
52002047 46115162 46416452 46416604 46442072 46115162 46416441 46416452
46416452 46442072 46416452 46416604 46416604 46416452 46442072 46416604
52002047 46442072 46420410 46115162 46115162 46416452 46416452 46442072
46416441 46115162 46416441 46420410 46416452 46420410 46416452 46416452
46420410 46420410 46115162 52002047 46416452 52002047 46416604 52002047
52303336 52257716 52305274 52303160 52257716 52002046 52303336 52305274
46140602 52261655 52257717 46140602 52257704 52257704 52303337 52303337
52261654 52261511 51754457 52305307 52305307 52305307 51754457 52257705
52305130 52001702 52303161 52305130 46115327 46115327 52303172 52257552
51754445 52261523 52261655 52261655 52261523 52261655 52257717 52261655
52303173 52303336 52305142 52001670 46115315 52303336 46115315 52257540
46416441 46115162 46442072 46416604 46416604 52002047 46416452 46420410
52261523 52305143 52261510 52257541 51754313 52261655 46136776 52261510
52261654 52261667 52261654 52261654 52261667 52305274 46136621 52261654
52257717 52257541 46140734 52257552 52257717 51756251 52261523 52257717
52257541 51754313 52305143 52261523 52261510 52257541 52305143 52261523
52257716 51756426 52257540 52257705 52257705 51756426 52257540 51756426
52257541 51754313 52261655 52261655 51754313 52261523 52261523 52305143
51756426 52257716 46140603 46140603 52257540 52257716 52261654 51756426
46115162 46115162 52305275 52303324 46115162 52303161 52303161 52002047
46136621 46136621 52261667 52261667 52257716 52261667 51754444 52257716
46115163 52303336 52303336 52002046 52303325 46115163 52002046 52257716
46420410 46416604 46420410 52002047 46416441 46420410 46442072 46442072
52305275 52257717 52257717 52303161 52303337 52303324 52303337 52303324
52303325 52002046 52303336 46115163 52303336 52002046 52303160 52303325
46416452 46420410 46416452 46115162 46115162 46420410 46416441 46416452
52257704 52261510 52261666 52261655 52261666 52305306 52261655 51754456
52257705 52257553 52303173 52303173 52257540 52257553 52257553 46140746
46140735 52303160 52257553 52257540 52257716 52257716 51756250 52257553
52261655 52305275 51754445 52257717 52305275 51754445 52261655 51754445
52303160 46115315 52001670 52001670 52257540 52305142 52303160 52303160
52257541 52257541 52303337 52261655 46140602 52257541 52261655 52303337
46442072 46115162 46416452 46416604 46442072 46442072 46416452 52002047
51756427 46140602 51756427 46140602 52303337 52261655 52257704 52257541
52303325 46115163 52305274 52002046 52303325 52303160 52303160 52303325
46115162 46416441 46115162 46416452 46416452 46420410 52002047 52002047
52303336 52257540 52303336 52257705 51756426 51756426 52257716 52257540
52257717 52261666 52261655 52305275 52261523 52261655 51754445 46136620
46136633 52257704 52261510 52305306 52305306 52257704 52261655 46136633
51754445 46136620 46136620 51754445 52261666 52257717 52261523 52261523
52303160 46115315 52303160 52303173 52305142 52303336 52303160 52303173
52261655 52257704 52257717 52257717 52257541 46140602 46140602 52303337
46416604 46115162 46416604 46416604 46420410 46115162 46442072 46416604
52261667 52257705 52257705 51754457 51754457 46136632 52257705 52261654
51756263 52257553 52257705 46140746 52261511 52257540 52257553 52257540
52257553 51756415 52303325 51756415 46140570 52257716 52257705 46140570
52257716 46136621 52261654 52257716 52305274 52257716 52261522 52261654
52257705 52257540 52257705 52261511 46140746 52257553 52303173 52303173
46115162 46442072 46416452 46115162 52002047 46420410 46442072 46420410
52261511 52257540 52303173 51756263 51756263 46140746 52257540 52257553
52261655 52261655 52305306 52261655 51754456 52261510 52257704 52257704
52261510 52261655 52261510 52261655 51754313 52261523 46136776 51754313
52303173 46115326 52303325 52001703 52001703 46115326 46115326 52305131
52305275 52002047 52305275 52303161 52257717 52303161 52303161 52002047
46140746 52257705 52303173 52261511 52257540 52257540 52257540 52261511
46420554 51777721 46420554 46420422 46416616 46420567 46444174 46416616
52002047 46416441 52002047 46115162 46416441 52002047 52002047 46416604
51754301 52001703 51754301 51756415 52257553 51756415 46442236 52257553
52261654 52305274 46136621 51754444 52261667 52261654 46136621 52305274
52257716 52303160 52303160 52303336 52303325 52303336 52303160 52303336
52257541 52257541 52257704 52257717 52257717 52257541 52257704 52303337
52303173 52303336 52305142 46115315 46115315 52257540 46115315 52305142
52257540 52257705 51756426 46140603 52257705 52257705 52261654 52257716
52303337 52303324 52305275 52305275 52002047 52303161 52303337 52303161
52261667 51754457 52261667 46136632 46136632 52261654 51754457 52261511
46416604 52002047 46416452 46416452 46416452 52002047 52002047 46416441
52257552 52303161 52257717 51756251 52303161 51756251 52257541 46140734
52261655 52257717 52261655 51754445 46136620 51754445 52257717 52257717
52261654 52261522 52257716 52305274 46136621 52261522 52305274 52305274
46115314 52303161 52303161 52303161 52305143 52305143 52303337 52257541
52303337 52257541 52303337 51756427 52257717 52261655 51756427 52257704
52303161 52261523 52257541 52257717 52257541 52257717 51756251 51756251
52303160 52002046 52303160 52303160 52303160 52303160 52002046 52303336
46140602 52257717 52257717 52257541 52257704 52261655 52261655 52257717
52305274 52257716 52303336 52257716 52303336 52305274 52305274 52303160
46115162 52303161 52257717 52303337 52257717 52303337 52303337 52303324
52303160 52305142 46115315 52303173 52303173 46115315 46115315 52001670
46442072 46416452 46416604 46115162 46416441 46420410 46442072 46442072
46113212 46416440 46115163 46115150 46115326 46115163 46115163 46140570
46115162 46416441 46420410 46416604 52002047 46420410 46416604 52002047
46416604 46416604 52002047 52002047 52002047 52002047 52002047 46420410
46442072 46420410 46416441 46442072 46420410 46416452 46416441 46420410
46115162 46416604 46416441 46416452 46416441 46416604 46416441 46416441
52002047 46416604 46416441 46416441 46416604 46420410 52002047 52002047
46416604 46416452 46416452 46416604 46442072 46416452 46420410 46416452
46442072 46416452 46115162 52002047 52002047 46420410 46416441 46442072
46442072 46416604 46115162 46416452 46416452 46442072 46416441 46442072
46420410 46416441 46115162 52002047 46115162 46420410 46115162 46416604
46420410 52002047 46442072 46416452 46416604 46416452 46442072 46420410
52002047 46442072 46416441 46416604 46442072 46115162 46416604 46420410
46416452 52002047 46442072 52002047 46442072 46416604 46420410 52002047
46420410 46416452 46416441 46115162 46416604 46416452 46115162 46416441
46442072 46416452 46115162 46442072 46416604 46442072 46416441 46416604
46115162 52002047 46442072 46416452 46416452 46416604 46115162 46416441
46442072 46420410 46420410 46416441 46416604 52002047 52002047 46416604
52002047 52002047 46420410 46115162 46420410 46416441 52002047 46416452
46442072 52002047 46416604 46442072 46416452 46420410 52002047 46442072
52002047 52002047 46416441 46115162 46115162 46115162 46416441 46442072
46136633 52261655 52261666 52261666 52305306 52261510 52261655 52305306
51754313 46136776 52257541 46136776 52261523 46136776 52305143 52257541
52257716 52257716 52303160 51756250 52303160 52261522 52257716 46140735
52261655 46140602 51756427 52257704 52257717 51756427 52257717 46140602
52257540 52305142 52257540 52257540 52303160 52001670 52303160 52001670
52257717 51754445 52305275 46136620 52305275 52305275 52257717 52257717
46416441 46416604 46420410 46115162 46442072 46416441 52002047 46442072
52261523 52257541 52261655 52261523 46136776 52261510 52261523 52261655
51756426 46140603 51756426 52257716 52257705 51756426 52303336 52261654
46442072 46442072 46416452 46416604 46416452 46115162 46442072 46115162
52303324 52257552 51756414 52257704 52257717 52261666 51756414 52257717
46140746 46140746 52303173 51756263 52257540 46140746 52303173 52257540
52303161 52303161 52257717 52303161 46115162 52002047 52305275 46115162
52257552 52257541 52303161 51756251 52303161 52257552 52261523 52303161
52305143 52261510 52257541 46136776 51754313 51754313 52257541 52261655
51756250 52257716 52257716 52261522 51756250 52261522 51756250 52257553
52303324 52303324 52002047 52303337 52305275 52002047 52257717 52303161
46115314 52257541 52303172 52303172 52001671 52305143 52257541 52303172
46115162 46420410 46416441 46416604 46416452 46420410 46420410 46416604
51754444 52261522 52257716 52305274 52305274 52261667 52257716 52261667
52261510 51754313 51754313 52261523 52261655 52257541 51754313 52257541
52257541 52303172 52001671 46115314 52001671 52303172 52257541 46115314
51754456 52257704 51754456 52305306 52261655 52261510 52257704 52257704
46416604 46416604 46442072 52002047 46416441 46420410 46420410 46416452
52303325 52257716 52303160 52305274 52303160 52257716 52303325 52257716
52257541 52261510 52257541 52261510 52261510 46136776 51754313 52257541
52261654 51754444 52261522 46136621 52257716 52261654 52261654 52261522
46140734 51756251 46140734 52257541 46140734 46140734 51756251 51756251
46136776 46136776 52305143 52261510 52261523 52305143 52261655 51754313
52257540 51756426 51756426 46140603 46140603 46140603 52261654 52303336
52303324 46115162 52303337 52002047 52305275 52303161 52303324 52303161
52261654 52305274 52305274 46136621 52261522 52305274 51754444 52261667
52002046 52305274 52002046 52257716 52257716 52305274 52002046 52002046
51777721 46444174 46113344 46444174 46444174 46420554 46420422 46420554
52002047 46416604 46420410 46416441 46416441 46416441 46115162 46115162
46444206 51777733 51754300 51777733 52261523 51777733 52261523 46444206
52257540 52257716 51756426 52257540 52257540 46140603 52257705 52257540
52257541 46136776 52261655 46136776 46136776 51754313 52261510 51754313
46115327 46115327 52303161 52305130 46115327 52001702 52257552 46115327
51754313 51754313 52261655 52261655 52261510 52305143 52261655 52261523
52303161 52303161 52303161 52303161 52303172 52303161 52303172 46115314
52257541 52303161 52257717 52257541 52257717 52257552 52303161 52261523
52305143 52261510 52261510 52261655 46136776 51754313 52261523 52257541
52261667 52305274 52261654 52261522 46136621 46136621 52261522 52305274
52257705 46140570 52257705 52303325 52257716 52303325 52303325 52303325
46416441 46115162 52002047 46416452 46416452 46416452 46416604 46416604
52261655 52257717 52257541 52261655 52261655 52257541 52257541 52257541
52257716 52305274 52261667 52261654 52261667 52261667 51754444 52261667
52261655 52305143 52257541 52261510 52261655 52305143 52305143 52257541
52261654 51754457 46136632 52261654 46136632 52261511 52261511 52305307
46442072 46420410 46416441 46416441 52002047 46420410 46115162 46420410
52257717 52303337 52261655 52257541 46140602 52261655 52303337 46140602
52303161 46115162 46115162 52305275 52303161 52303337 52257717 52303324
46420410 46442072 46416452 46442072 52002047 46416452 46416441 46416604
52303336 52002046 52002046 52303160 52257716 52303325 46115163 52303160
52257717 52303324 52305275 52303161 52303161 46115162 52002047 52002047
52257540 52303160 46115315 52305142 46115315 52001670 52305142 52001670
52303324 52305130 46115327 52001702 52303161 52303161 52303324 52257552
51754313 52261510 52257541 52261510 52305143 52261655 52257541 51754313
52303172 52257541 52257541 46115314 52257541 52001671 52001671 52303161
46442072 46416452 46416441 52002047 52002047 52002047 46416604 46416604
51756427 52257704 46140602 46140602 52261655 52257704 52261655 52257541
52257705 52257705 52257553 52257705 52261667 52257716 46140570 52303325
52257541 52257541 52257717 52303337 52261655 52303337 52261655 51756427
52303161 52305143 52303172 52303161 52303172 52001671 52305143 46115314
52303336 52257716 52303160 46115163 52002046 46115163 52303325 52002046
52261511 52261511 52257540 52303173 52257705 52257553 52257553 46140746
46115314 52001671 52305143 52303337 52303161 52303161 46115314 52305143
46416452 52002047 46416452 46115162 46115162 52002047 46115162 46442072
52303324 52303172 52303324 46115327 46115327 52303161 52305130 52303172
52001670 46115315 52305142 46115315 52001670 52305142 52303336 52001670
52303337 51756427 52303337 52257717 52303337 46140602 52257717 52303337
52002046 52303336 52303325 52303325 52303336 52002046 52257716 52002046
51754313 52305143 52305143 51754313 46136776 52261523 52305143 52257541
52002047 52305275 52257717 52303324 52303324 52002047 52303324 46115162
52305307 51754457 51754457 51754457 46136632 46136632 51754457 51754457
46420410 46416452 46416452 52002047 46442072 46416604 46442072 52002047
46115163 46113212 46140570 46115163 52303325 46140570 46416440 52303325
52002047 46416452 46416452 46420410 46115162 46442072 46416452 46416452
52002047 46416441 46420410 46442072 46115162 46442072 46416441 46420410
46420410 46420410 46115162 52002047 52002047 46416604 46416604 46416604
46416604 46115162 52002047 46416441 46115162 46442072 46416604 46420410
46115162 46420410 46420410 46416604 52002047 46416441 46416441 46416604
46115162 46115162 46115162 46416452 46420410 46416604 46420410 52002047
46416604 52002047 46416604 46416604 46416452 46420410 46115162 46115162
52002047 46416604 46442072 46416452 52002047 46420410 46442072 46442072
46442072 46416452 46442072 46416604 46420410 46416441 46442072 46416452
46416441 46420410 46115162 46416441 52002047 46115162 46416604 46416452
52002047 46420410 46416441 46416604 46442072 46416452 46442072 46416604
46416441 46416452 46416604 46442072 52002047 52002047 46416441 46442072
52002047 46442072 46416441 52002047 46442072 46115162 46416441 46416441
46416604 46416441 52002047 46420410 46420410 46416452 46115162 52002047
52002047 46416604 46416441 46442072 46115162 46442072 46442072 46115162
52002047 46442072 46416604 52002047 46416452 46442072 52002047 52002047
46420410 52002047 46416441 46416441 46442072 46420410 46416452 46115162
52002047 46442072 52002047 52002047 52002047 46416604 46115162 46442072
46420410 46115162 46416452 46416604 46416441 46115162 46416441 46416452
52261511 51756263 52303173 52257540 46140746 52303173 51756263 52261511
52303337 52303337 46140602 52303337 52257541 52303337 52257717 52257541
52257716 52261667 52261667 46136621 46136621 46136621 52257716 52257716
52257541 52257704 52257704 52261655 52261655 52261655 46140602 52257704
52261511 51756263 46140746 52257540 52261511 51756263 46140746 51756263
52305274 46136621 52261522 52257716 52261522 52305274 51754444 46136621
46442072 46115162 46416604 46115162 52002047 46416604 46416604 46416452
46115327 46115327 52303324 52257552 52303172 52305130 46115327 52001702
51754312 52261511 52257540 51754312 52261511 52305142 51754312 52261654
52257540 46140746 52257553 52257540 51756263 52257705 52303173 46140746
52001670 52303173 52303336 46115315 52303173 52303173 52303173 52303173
46140602 52257541 51756427 46140602 52257704 52257541 52257717 46140602
52303325 52257716 46115163 52303325 52305274 52303325 52303160 52257716
52303173 52257540 52001670 52257540 46115315 52001670 52303173 52305142
52303173 52261511 52257553 46140746 46140746 46140746 52261511 51756263
46444174 46420422 46416616 46113344 46420422 46420422 46444174 46420422
46420410 52002047 52002047 46115162 46442072 46416441 46416452 46420410
52002034 51756414 51756414 46442061 51754456 51754456 51754456 51756414
52261666 51754445 46136620 51754445 52261666 51754445 52261666 51754445
52261654 52257716 51754444 52261654 52257716 52261522 52261522 52257716
46416604 46115162 46416441 46442072 46416604 46416452 52002047 52002047
52303337 52257717 52261655 52261655 46140602 52257704 52303337 52257541
52261667 52305274 52305274 52261522 52261654 52305274 52261522 46136621
52261655 46136776 52257541 52257541 52261510 51754313 52305143 52261523
52257705 51754457 51754457 51754457 52305307 52305307 51754457 51754457
52002047 46416441 46416441 52002047 46416452 46115162 46416441 46416441
52303161 52303324 52303172 52001702 52303172 52305130 52305130 52257552
52303336 52257540 52305142 52303160 52303336 52305142 52257540 52303336
52257705 52257705 52257553 52257705 52261511 52257705 52261511 52257540
52303337 52261655 51756427 46140602 52257541 52257717 52257717 46140602
46115314 46115314 52303337 52257541 52303172 52001671 52303337 52257541
52257541 52257704 52257704 52257704 52261655 52257704 51756427 51756427
52261654 52261667 52261667 51754444 52257716 51754444 46136621 46136621
46115163 52002046 52303325 52257716 52303160 52303336 52303325 52002046
46420410 46115162 46115162 46420410 52002047 46416452 46442072 46115162
52257717 52257717 51756427 51756427 52261655 52303337 51756427 52257704
51754456 52261510 52261655 52305306 46136633 52261655 52261510 52261655
52257541 52257541 52257717 51756427 52303337 51756427 52257717 52303337
52261511 52261654 52261511 52257705 52261511 52261654 52261511 52257705
52261655 51756427 52303337 52303337 52303337 52257717 52257704 46140602
52261667 46136621 52261654 52261522 52257716 52261522 52261522 52261522
52303336 52303325 52257716 52303336 52303160 52002046 52303325 52303325
52303324 52303337 52002047 52303337 52305275 46115162 52305275 52303324
52261667 51754457 52261667 52257705 52261654 52257705 52261667 52257705
46416441 46115162 52002047 46416441 52002047 46115162 46416604 46442072
46140571 52257704 52261666 52257717 51756414 46140571 46140571 52257552
51756263 52257553 52257705 52261511 52303173 52261511 52257553 52257553
52257717 51756251 52257541 52257552 52257541 52257541 51756251 46140734
52261523 46136776 46136776 51754313 52261523 52261510 52261655 52261655
52305306 52305306 52257704 52261666 52261655 52261655 52305306 52261666
52261510 52261655 52257541 52305143 52257541 52257541 52261510 52305143
52305143 52001671 52001671 52303172 52303337 52257541 52257541 52303337
52261510 52261655 52257541 52261655 46136776 52305143 52305143 46136776
52303337 46115314 52305143 52303337 52001671 52001671 52257541 52257541
46416604 46416452 46115162 46115162 52002047 46416604 46416441 46416441
51754456 46136633 51754456 52305306 52305306 52305306 52305306 46136633
52257704 52257541 52261655 52303337 52257704 46140602 52261655 46140602
52261523 52305275 52305275 46136620 51754445 52305275 46136620 52261655
46416441 46416441 46416441 46416452 46416604 52002047 46420410 52002047
52303172 52002034 52303337 52303172 52303324 52303172 52303337 52303324
52303337 52261655 52303337 52257704 52303337 52257704 52257704 52257704
52261666 52261510 52261655 52261655 52257704 52257704 46136633 52261655
46416452 46416604 46416452 46416441 46416441 46416441 46416604 46442072
46140571 52257717 52257717 52257552 51756414 46140571 52261666 52257704
52303336 52303336 46115315 52303336 52257540 46115315 52303336 52001670
46136776 52305143 52261510 46136776 52261510 52261510 52257541 51754313
52261667 52261522 52261654 52305274 52261522 51754444 52305274 52261654
52257716 46140570 52257705 52257705 52261667 52303325 52257716 52261667
52305143 52257541 51754313 52305143 46136776 51754313 52261510 46136776
51754456 51754456 52261666 52261510 52261510 52261510 46136633 52257704
52261510 51754456 46136633 51754456 46136633 52261655 51754456 52305306
52261511 46140746 52261511 52261511 52257553 52257705 52261511 46140746
46420422 46420567 46420554 46113344 46420554 46444174 46420554 51777721
52002047 46416604 46115162 46416441 46442072 46416452 46115162 46416604
46115150 46140570 46140570 46140570 46416440 46140570 46115150 46115326
46420410 46442072 46416441 46416452 46416452 46416452 46416441 46416604
52002047 46416452 46416604 46416441 46420410 46416441 46115162 52002047
46115162 46115162 46416604 46420410 46420410 46115162 46416452 46416441
46115162 46416441 46420410 46416441 46115162 46416441 46416452 52002047
46416452 46416604 46416441 46416452 46442072 46442072 52002047 46416604
46442072 46416441 46416604 52002047 52002047 46416452 46420410 46416452
46115162 46420410 46416452 46416604 46416604 52002047 46420410 46416604
46420410 46442072 46420410 46416604 46115162 46420410 46115162 46115162
52002047 46115162 46416452 46416604 46416604 46442072 46416441 46442072
46115162 46115162 46115162 46416441 46416604 46420410 46416441 52002047
46115162 46442072 46416604 46115162 46416604 46115162 46416452 52002047
52002047 46416441 46416604 46420410 46420410 46416452 46115162 46416604
46416452 46420410 46115162 46115162 46416441 52002047 52002047 46416441
52002047 46420410 52002047 46416604 46442072 46420410 52002047 46416441
46416452 46416441 46416441 46416452 46442072 46115162 46420410 52002047
46115162 46416441 46416604 46416452 46416604 46416452 46416604 52002047
46420410 46416604 46442072 46442072 46420410 46416452 46416452 46115162
46416441 46420410 46416604 46420410 46442072 46115162 46115162 46442072
46416441 46115162 46420410 52002047 46416604 46416441 46115162 46115162
51754444 46420411 52000064 52002046 52305274 52000077 51777732 51777732
52002047 52002047 52303337 52303337 52257717 46115162 52002047 52303161
51754456 52305306 52261655 46136633 52261655 52257704 52261510 51754456
52303161 46115327 52001702 52303324 52001702 52303324 46115327 52257552
52303337 52002047 52303161 46115162 52303324 52257717 52257717 52303337
52303336 52303160 52303325 52002046 46115163 52303336 52002046 52305274
52303173 52257540 52257540 52257553 52257553 52257540 51756263 52257553
52303336 52257716 52305274 46115163 52002046 52303336 52303336 46115163
51756427 52261655 52257541 52261655 52303337 51756427 52303337 52257704
46416441 52002047 46442072 46416441 46416604 46420410 46115162 46416441
46140603 46140603 52261654 52303336 52261654 46140603 52257716 52257705
52305143 52261523 46136776 52261655 52261523 52261510 51754313 51754313
52257553 46140570 52261667 52303325 52257705 52257716 51756415 52303325
52257716 52261522 52261667 52261654 52257716 46136621 52261654 52305274
52257541 52305143 52261523 52261655 52261510 52261510 52305143 51754313
46115314 46115314 52305143 52257541 52303161 52303172 52303172 52303337
46115314 46115314 52303172 52305143 52303161 52303161 46115314 52303172
46136776 52257541 52261510 52305143 52257541 52261523 52261510 52261510
52261511 52261667 52257705 46136632 52305307 52261511 52257705 52261667
46420410 46416441 52002047 52002047 52002047 46442072 52002047 46115162
52001671 52001671 52303337 52257541 52303337 52303161 52303161 52257541
52303324 52002047 46115162 52305275 52257717 52303161 52303324 52303324
52303337 52305143 52001671 52257541 46115314 52303337 52257541 46115314
46115327 52257552 52001702 52001702 52257552 52001702 52257552 52303172
52303337 51756427 52257704 51756427 46140602 52257704 46140602 52303337
52305274 46136621 52305274 52261667 52305274 51754444 52261667 51754444
46140603 52257540 51756426 52257540 51756426 52257705 52261654 52257716
51754313 46136776 52261655 52261655 52261655 51754313 52261655 46136776
52305143 46115314 52303172 52303161 52303161 52303337 52303337 52303161
52303337 52303172 52303172 52257541 52257541 46115314 52305143 46115314
52257717 52261655 46140602 51756427 52261655 52257717 51756427 52303337
52002047 46442072 46115162 46420410 46442072 46416604 46416441 46416452
52305143 46136776 52261510 52261523 51754313 52257541 46136776 52257541
52261654 52261667 52261522 52257716 52257716 52257716 52257716 52257716
46416441 52002047 46115162 46115162 46442072 46420410 46416604 46115162
51756427 52257717 52257541 52257704 51756427 52261655 52303337 46140602
52303172 52001671 52305143 52001671 52257541 52303337 46115314 52303172
52002046 52257716 52303336 52303325 52257716 52303160 52257716 52257716
51777721 46444174 46420567 46416616 46444174 46420422 46416616 46420554
46442072 46115162 46416604 46416604 46420410 46420410 46420410 46442072
52305142 52305142 52305142 51754312 46420567 51777721 46420567 51754312
51756427 52257717 46140602 51756427 52303337 46140602 51756427 52257717
52261666 52261510 52257704 52261510 52305306 52261510 52261666 51754456
52261510 51754456 52261666 52261666 52261655 52257704 52257704 52261655
52303337 52257704 52257717 52261655 52257704 52261655 52257541 52257541
52261522 52261522 51754444 52257716 52261522 52257716 52261522 52261522
46115163 52257716 52305274 52303160 52303336 52305274 46115163 52002046
52257717 52257541 52303337 46140602 52257704 52303337 51756427 52303337
52257541 52303337 52303172 52303172 52305143 52001671 46115314 52305143
52257553 52303325 52303325 52305131 52303325 52257553 52303325 52303173
46115162 52305275 52303337 52002047 52257717 52257717 46115162 46115162
46140602 52303337 52257541 52261655 52261655 52303337 52303337 52257541
46442072 46420410 52002047 46115162 46416452 46420410 46115162 52002047
52257541 52257704 52257541 52261655 52303337 51756427 52257541 46140602
52303161 52305275 52257717 52305275 52303161 52002047 52257717 52303337
46416441 46416441 46420410 46442072 46416604 46416441 46416441 52002047
52002046 52305274 52257716 52303325 52303336 52303325 52305274 52303325
51754313 52305143 52261510 51754313 52261655 52261510 52261523 46136776
52257716 52261654 46136621 52257716 51754444 51754444 51754444 51754444
51756251 46140734 51756251 52257552 52257552 46140734 52303161 51756251
52261510 46136776 52257541 52261510 52261655 52261523 52261523 52305143
51756426 52303336 52261654 52257716 52257716 52257705 52257540 52257716
52002047 52303161 46115162 52303161 52305275 52002047 52303161 46115162
52261522 52261667 52261522 52261654 52261654 52305274 52261522 51754444
46115163 46115163 46115163 52257716 52303160 52257716 52257716 52303160
46416441 46416452 46416441 52002047 46416452 46416604 46115162 46115162
52002046 52303336 52303325 52303325 46115163 52002046 52257716 52002046
52261523 52261523 52261666 52261666 46136620 52261666 52305275 52305275
52303160 52305142 52303160 52257540 52257540 52001670 46115315 52303336
46115163 46115163 52303336 52303325 52257716 52303336 52257716 52303325
52261655 52305275 46136620 52261666 52305275 52261666 52257717 52257717
46115315 52303173 52303173 52303336 52303160 52305142 52305142 52303160
46420410 52002047 46115162 46416441 46416604 52002047 52002047 46416604
46140570 46416440 46115326 46115326 46140570 52303325 46115150 46140570
46416452 46420410 52002047 46115162 52002047 46420410 46420410 46416604
46416452 46416452 46115162 46115162 46416441 46442072 46115162 46416441
46416604 46416452 46416441 46416452 52002047 46416452 46115162 46420410
46420410 46442072 46416441 46420410 46442072 46416604 46420410 46420410
46420410 46442072 46442072 52002047 46115162 52002047 46442072 52002047
46442072 46442072 52002047 46442072 46420410 46416452 46416452 46416441
46442072 46416452 46420410 46416604 46416441 46416452 46416441 46420410
46420410 46416604 46416441 52002047 52002047 46416452 46442072 46416604
46416441 46442072 46416604 46442072 46416452 46416604 46416604 46416452
52002047 46416441 46420410 46115162 46420410 46115162 46442072 46416452
46416452 46416604 46420410 52002047 46416604 46115162 46416441 46115162
52002047 46416604 46420410 46416604 46416452 46416441 46416441 52002047
46416452 52002047 46115162 46416441 46416604 46416441 46416452 46420410
46416452 46416452 52002047 46442072 52002047 46115162 46416604 46115162
46416452 46416604 46442072 46416604 46420410 46416441 46416441 46416604
46416452 46416604 46416604 46442072 46416441 52002047 46416604 46442072
46442072 46115162 52002047 52002047 46115162 46420410 52002047 52002047
46115162 46115162 46416604 46416604 46416441 52002047 46420410 46115162
46416441 46115162 46442072 46420410 46416604 46416441 46416452 46416604
52261511 52303173 51756263 51756263 52303173 51756263 52257540 52257705
46136633 52261666 51754456 46136633 52257704 46136633 52257704 52261510
52257541 52257541 52305143 52261510 52261523 46136776 52261510 52261510
52001703 52305131 52303173 46115326 46115326 52303173 52303173 52257553
52305275 52305275 52303324 52303324 52002047 52305275 52303161 52303337
52261511 52257553 52257553 52257553 46140746 52261511 52261511 52257540
52305307 46136632 52261654 52261511 52261511 46136632 52261667 46136632
46115162 46416441 46115162 46115162 52002047 52002047 46420410 46115162
52261522 52261654 52261522 52261654 52261654 52305274 46136621 52261522
52303161 46115162 52002047 52305275 52257717 52305275 52002047 52305275
51754456 52257704 52261655 52261655 51754456 51754456 52261655 52305306
52261510 46136633 52261666 52305306 51754456 51754456 52257704 52261510
52261511 52257540 46140746 51756263 46140746 52261511 52257540 46140746
46442072 46115162 46442072 46115162 46416441 46416441 46115162 46416604
52303324 52303324 46140571 46140571 51756414 52257552 52257552 52257704
51756263 52257705 52303173 46140746 46140746 52257553 52303173 52303173
52303161 52257552 52303161 46140734 52257541 52257541 46140734 52303161
52261523 52305143 52261510 52257541 51754313 52261510 46136776 51754313
52261666 52305306 52305306 52305306 46136633 52305306 52261655 52261510
52261510 52257541 52305143 52305143 52261510 52305143 51754313 52305143
52303337 52257541 52305143 52303337 52001671 52303337 52001671 52303161
52261510 51754313 52261510 52261510 52305143 52261510 51754313 52261523
52002047 46416441 46416604 46416452 46416441 46416452 46115162 46115162
52303161 52257552 52257552 52303161 51756251 52257552 52257717 52257717
52001670 52303160 52305142 52303160 46115315 46115315 52303173 52257540
52261511 52261511 52261511 51756263 52257553 52303173 52257540 51756263
52303172 52303161 52303337 52305143 52303161 52001671 52001671 52305143
46416604 46416604 46115162 46442072 46115162 46115162 46416452 46442072
52261666 52257704 52257704 52257552 52261666 46140571 51756414 52257704
51756427 46140602 52257541 46140602 52303337 52257704 52303337 52257717
52303336 52257540 52257540 46115315 52303173 52303160 52001670 52305142
52261667 52257705 46136632 52257705 52261667 52261654 46136632 52261511
52303337 51756427 46140602 52303337 51756427 46140602 52261655 52303337
52257716 52261654 52261522 52261667 52261667 52261654 52305274 46136621
52257716 52002046 52257716 52002046 52303325 52002046 52303325 52002046
52257717 52303337 52257717 52305275 52305275 52257717 52303161 52257717
52261654 51754457 51754457 52257705 52305307 52261667 51754457 46136632
46420567 46420567 46444174 46420554 46444174 46113344 46420422 46416616
52002047 46420410 46420410 46115162 46420410 52002047 46115162 46420410
52305143 51777733 51777733 52305143 52000065 51777733 51754313 52000065
52303324 52257717 52303324 52305275 52303324 52303337 52305275 52257717
52261510 52261523 51754313 52257541 46136776 52261510 51754313 51754313
52303337 52305143 46115314 52001671 52303172 52257541 52305143 46115314
46420410 46416604 52002047 46442072 46115162 46420410 46115162 52002047
52257704 52257704 52303337 52303324 52305306 52305306 52257704 52002034
52257541 52261655 46140602 46140602 52257704 52257717 52261655 46140602
52257704 51754456 51754456 52257704 52261666 52261666 51754456 52261655
46115162 52002047 46416452 46115162 46115162 46420410 46420410 46420410
52257704 46140602 52303337 46140602 52303337 52257717 52257541 52257717
46115315 46115315 52303160 46115315 52303336 52001670 52257540 52001670
51754445 46136620 52261523 46136620 52305275 52305275 51754445 52261666
52303172 52303337 52001671 52257541 52303337 52305143 52305143 52305143
46416441 46115162 46442072 46416441 46115162 46420410 46442072 46416604
52257540 52257716 52257705 52261654 46140603 52257705 52257540 52261654
52257717 52305275 51754445 52261523 52261655 46136620 52261666 52305275
51754444 52257716 52261667 51754444 52257716 51754444 52261654 52305274
51756427 52261655 46140602 52261655 51756427 52257541 52257704 52257541
52257541 52257552 51756251 52257541 52257552 51756251 46140734 52257541
46416452 46420410 46420410 52002047 46420410 46416441 46416441 46416604
46140746 52257553 51756263 52257553 52303173 52257553 52257540 51756263
51756251 51756251 52257552 52257541 52257541 52303161 52257552 46140734
46420410 46416452 46420410 46420410 46416604 46115162 46115162 46115162
52305275 52261655 52261655 52261523 52261523 52261523 46136620 46136620
52257716 51756426 52257540 52257716 51756426 46140603 46140603 52261654
52261510 52261510 51754313 46136776 52305143 52261655 52261510 52261523
52261523 51754445 52305275 46136620 52261523 52261666 52257717 52261666
46442072 46416441 46416604 46420410 46416441 46420410 46416604 46416441
46115163 52002046 52002046 52305274 52303160 52257716 52303160 46115163
52303337 52257541 52261655 51756427 52257717 46140602 52257541 51756427
52261511 52261667 52261654 46136632 52261511 52261511 52261511 52261667
52257552 46115327 52257552 52303161 52303324 52001702 52303324 52305130
51754445 52261523 52261655 52257717 52261655 52257717 52257717 46136620
46115315 46115315 52303336 52305142 52303160 46115315 46115315 52001670
46113344 46420422 46113344 46444174 46420422 46420554 51777721 46444174
46416441 46416452 46416604 46416452 46416452 46416441 46416452 46416441
46113212 52303325 46416440 46115150 46416440 46140570 46115163 46140570
46416441 46416452 46442072 46416441 46420410 46442072 46416452 46416604
52002047 46420410 52002047 46416441 46442072 46416452 46416441 46416604
46420410 46420410 52002047 46115162 46416452 46416452 52002047 46420410
46442072 46442072 46416441 46442072 46442072 46416604 52002047 46442072
46416604 46442072 46416604 46416441 46115162 46420410 52002047 46416441
52002047 46416604 46442072 52002047 46416452 52002047 46416452 46442072
46416452 52002047 46420410 46420410 46416604 46416441 46442072 46442072
46420410 46115162 46115162 46416452 52002047 52002047 46416452 52002047
46115162 46416452 46416604 46442072 46115162 46416604 46442072 46416452
46442072 46416452 46420410 46420410 52002047 46420410 46416452 52002047
46420410 46115162 46416604 46416441 46416452 52002047 46416604 52002047
46442072 46416604 46416452 46416452 52002047 46416441 46416604 46442072
46442072 52002047 46115162 46115162 52002047 46416604 46442072 46416441
52002047 46416441 46416452 46416441 46416441 46115162 46416604 52002047
46416604 46420410 46416604 52002047 46416452 46416452 52002047 46115162
46442072 46442072 46115162 46416452 46416604 46416604 52002047 46416441
46416452 46416452 46416441 46416441 46442072 46416604 46416441 52002047
46416452 46416441 46442072 46416604 46416604 46416604 46416441 46442072
46416452 46416441 46420410 52002047 46442072 46420410 46416441 46416452
51756414 52002047 51756427 51754445 52257717 51756251 51756251 46442072
52303173 52257540 52303173 46140746 51756263 52303173 52257705 52257540
52303161 52002047 52303161 46115162 52257717 46115162 52303337 46115162
52303173 52257540 46115315 52303173 46115315 52305142 52303173 52305142
52305143 52261655 52257541 52257541 52261523 46136776 52257541 52305143
52303172 46115314 52303161 52001671 52257541 52001671 46115314 52303161
46416452 46420410 46416452 46442072 46115162 46416441 46115162 46416452
52261522 52257716 52261522 52257716 52261654 52261654 52257716 52261667
52002047 52305275 52257717 52002047 52303337 52257717 52002047 52257717
52261667 52261522 51754444 51754444 52261654 52257716 52305274 52261522
52261523 46140734 52257717 46140734 46140734 51756251 51756251 46140734
46115162 46442072 46416452 52002047 46442072 46115162 46442072 52002047
46140734 52303161 52257541 52303161 52257541 46140734 52257717 51756251
52257717 52261655 51754445 52305275 52261655 51754445 52261666 52261666
51754444 52261522 52261522 52261667 52261667 52257716 52257716 52305274
52257716 52303325 46140570 52303325 51756415 46140570 46140570 52257705
52303161 46115162 52303324 52303324 52303161 52303324 52303161 52002047
52257717 52257704 52257541 52261655 51756427 52257541 52257717 52257717
46416604 46416604 46416604 46442072 46416604 52002047 46416441 46416604
46136621 52257716 52257716 52261654 52261522 52261654 52257716 52261522
52257541 52261523 52305143 46136776 52261523 52261655 46136776 46136776
52303337 52303161 52257541 52257541 46115314 52305143 46115314 52257541
52261510 52261523 52261510 46136776 46136776 46136776 52261655 52261523
46442072 46420410 46416604 46420410 46416452 46115162 46442072 46115162
52303337 52305306 52303337 52303172 52303172 52305306 52303324 52002034
46136776 52305143 46136776 51754313 52305143 52261655 52261510 52261655
52257716 52303336 52305274 52002046 52305274 46115163 52305274 52303336
46140746 46140746 52303173 52261511 51756263 52257705 52257553 52257540
52261655 46140602 52257717 46140602 51756427 46140602 52257704 52257704
46416441 46420410 52002047 52002047 46115162 46420410 46416441 46416604
52303337 52001671 52001671 52303337 52257541 52303161 52303172 52303337
52257717 46115162 46115162 52257717 52305275 52303324 52303161 52002047
52305143 52303161 52303172 52303337 52303161 52305143 52303172 52257541
52303161 52257541 52257552 52257552 46140734 52257717 52257541 52257552
52261655 51754313 52261523 46136776 51754313 46136776 52261655 52261655
52305130 52001702 52001702 52303172 52303324 52001702 52257552 52305130
52261655 52261655 52257541 52305143 52305143 51754313 52305143 52261655
52002046 52303160 46115163 52002046 52303325 52303325 52002046 52303325
46416452 46416452 46420410 52002047 46420410 46115162 46416452 46420410
52303325 52305274 52303160 52303325 52257716 52303160 52303160 52257716
52261655 52257704 52261655 52303337 46140602 52257704 52257717 52257717
52305306 46136633 52261666 46136633 52257704 52261655 46136633 46136633
52305306 51754456 52261510 52257704 46136633 52257704 52261510 51754456
52257717 52303337 52303161 52305275 52002047 52303161 52257717 46115162
52303172 52305143 52303337 52303337 52257541 52303337 52257541 52303337
46416452 46416441 46115162 46442072 46416452 46416441 46420410 52002047
52261511 52305307 46136632 46136632 52261511 52261654 52261667 52261511
52257553 51756263 52303173 52261511 52257705 52303173 46140746 52261511
52002047 52305275 46115162 52002047 52303324 52305275 52303161 52002047
52303160 52303336 52303160 52303160 52303336 52303336 46115315 52001670
46136776 52257541 52261523 52261523 46136776 52257541 52257541 52261655
46115314 52303337 52305143 52303172 52257541 52303161 52305143 52001671
46420410 46416441 46442072 46416452 46115162 46442072 46420410 46416604
52257553 52303173 52261511 52261511 52257540 52257553 52261511 52257540
46420422 46113344 46113344 46420567 46420422 46113344 46416616 46420554
46420410 46416441 46416441 46416452 52002047 46442072 46115162 46416441
51754313 52261523 51754300 51754445 51777733 46444206 51754313 46444206
52257705 46136632 52261511 52305307 52261511 51754457 51754457 52261511
52257541 52303337 52257704 51756427 52303337 46140602 52257704 46140602
52305274 52257716 46115163 46115163 52303160 52303336 52257716 52303336
52002047 46115162 52002047 46115162 46115162 46115162 52002047 46420410
52303161 52303161 52261523 52303161 51756251 51756251 46140734 52303161
51754445 52257717 46136620 51754445 52305275 52305275 52261523 52305275
52257716 51754444 51754444 52261667 52261667 52261667 51754444 52261667
52303161 52305143 52303337 52305143 46115314 52305143 46115314 52303172
52257541 52257704 46140602 52257541 52257704 46140602 51756427 51756427
51756251 52257717 52257717 52261523 52261523 52261523 52303161 51756251
52303336 52303160 46115163 46115163 52303160 52303336 46115163 52303160
51756427 52257541 52261655 52261655 52257717 52257704 52261655 52257717
52257716 52303160 52002046 52303325 52305274 52303160 52305274 52303325
52303161 52002047 52303324 52303161 52303324 52303337 52257717 46115162
52305142 52305142 52303160 52303336 52257540 52303160 52305142 52303173
46420410 46442072 46442072 46416441 46420410 46416452 52002047 46115162
46140746 46140746 52257553 52257705 52303173 52303173 52257553 46140746
51756426 52257705 52257716 52257705 52261654 46140603 46140603 52257540
52257541 52261655 51754313 52261523 52261510 52261523 52261655 51754313
52303172 52303161 52257552 52305130 52257552 46115327 52001702 52257552
52261523 52261523 46136776 52261510 52261523 52261523 52257541 46136776
52305143 52303337 52303337 46115314 46115314 52303161 52303337 52303172
46140734 51756251 52303161 52257541 52257541 52257552 51756251 46140734
52261510 51754313 52261523 51754313 51754313 51754313 52257541 52257541
52261654 52257716 52261522 51754444 52261654 51754444 52261654 52261667
52303325 51756415 52303325 51756415 51756415 52257716 46140570 52257553
46416441 46442072 46416441 52002047 46115162 46420410 46416604 46416452
46113212 46115163 46416440 52303325 46416440 46115150 46416440 46113212
46416452 46416604 46416604 46420410 46115162 46416441 46416441 52002047
46416441 52002047 46442072 46416604 52002047 46416604 46420410 46442072
46416441 46416452 46416441 52002047 46416452 46416441 46115162 46420410
46416604 46442072 46416452 46416441 46416452 46115162 46416604 46416441
52002047 52002047 46420410 46420410 46420410 46416452 46442072 46115162
46416441 46442072 46416452 46115162 52002047 46442072 52002047 46416441
52002047 46115162 46115162 46420410 46416441 52002047 46416604 46442072
46416452 46416452 46416441 46442072 46416441 46416604 46416452 52002047
46416452 46416452 52002047 46442072 52002047 46115162 46416452 46115162
46416604 46115162 46416604 46416604 46115162 46115162 46416604 46416441
46420410 52002047 46420410 52002047 46442072 52002047 46416452 46416604
46442072 46420410 46442072 52002047 46420410 46115162 46416441 46416441
46442072 46416441 46416441 46416604 46416441 52002047 46416452 52002047
46442072 46442072 46420410 46420410 46416441 46115162 46416441 52002047
52002047 46416441 46416441 46416452 46416452 46416441 46420410 46416452
46416604 46416441 46416604 46416441 46416441 46115162 46416441 46115162
46416604 46442072 46420410 46416441 46420410 52002047 46442072 46420410
46416441 46420410 46115162 46420410 46115162 46420410 46416441 46442072
46416441 46442072 46416452 46416452 46115162 46115162 46115162 46442072
51756427 52257704 46140602 52257541 52257704 51756427 52303337 52257704
52261666 52305306 51754456 52261510 52261510 52261510 52261510 52261510
52305143 52261523 52261523 52261510 52257541 51754313 46136776 52261523
52303325 52303325 52257716 46115163 52257716 52303336 52303336 52257716
46420410 46416604 52002047 46416604 46416604 46115162 46416441 46416441
46140603 52303336 46140603 52303336 46140603 52261654 52257716 52303336
52305275 52303324 52303337 52305275 52303324 52305275 52257717 52303161
52305143 52305143 46136776 52305143 52261510 52305143 52261655 52257541
46115314 52001671 46115314 52303337 52303337 52257541 52303337 52303172
52002047 46416452 46420410 52002047 46115162 46115162 46416604 52002047
52303325 52303336 52257716 52305274 52303325 52303336 52257716 52303336
52305142 46115315 52305142 46115315 52257540 52305142 52303160 52303336
51754313 52305143 51754313 51754313 52261510 52261510 51754313 51754313
52303161 46115314 46115314 52303337 52303161 46115314 52001671 52303161
52303160 52303336 52305274 52303336 52002046 52303336 52305274 46115163
52261523 52261523 52305143 51754313 52305143 52261510 52305143 46136776
52303325 52303325 52303325 52303325 46115326 52303160 52303173 52001703
52303161 46115162 52305275 52002047 52303161 52303324 46115162 52305275
52257704 52257704 46140602 46140602 52257541 52257541 46140602 52257704
46420422 46420567 46420554 46416616 46416616 46420422 46444174 46420422
52002047 46442072 46416604 46442072 46420410 46420410 46442072 52002047
51777721 51777732 52000077 51754301 51777732 52305131 46420554 51777732
51756427 52261655 51756427 52303337 52303337 52261655 52303337 52261655
52303336 46140603 52257716 52257705 52257705 52257716 51756426 52261654
52002047 52002047 46420410 46420410 46420410 46420410 46442072 46416604
52303337 52257704 52002034 46115151 52257704 52303172 52303337 52257704
46136776 46136776 52257541 52257541 51754313 46136776 52261655 52261655
52303172 52303337 52305306 52257704 46115151 52303324 52257704 52257704
51756427 52303337 52257541 52261655 52257541 52257704 52303337 52303337
52303336 52303336 52305142 52303173 52001670 52305142 52303160 52305142
52303336 52257540 52303173 52001670 52303173 52001670 52303336 46115315
52257540 46140746 52257553 52257705 51756263 46140746 52257553 52257553
46416441 46442072 46416441 46420410 52002047 46416441 46416452 52002047
52303336 46115163 52303336 52257716 52002046 52303336 52305274 52257716
52261655 46140602 52303337 52257717 52257717 52261655 52257704 52303337
52261666 52305306 46136633 52261655 52261666 51754456 51754456 52261510
52261666 46136633 52257704 52261666 52261655 52261510 52257704 52261655
52303337 52303324 52002047 52303161 52257717 52305275 52002047 52257717
52303337 52303172 52257541 46115314 46115314 52303337 52303172 52305143
52002047 46416441 46442072 46115162 46420410 52002047 46416452 46416441
52261510 52257541 46136776 52257541 52257541 46136776 52261655 51754313
52261654 52257716 52257716 52261654 52261654 51754444 52261654 46136621
46442072 46115162 46416452 46442072 46416604 46442072 52002047 46416604
46136777 52261522 52257540 46136777 52257540 52261511 46136777 46136777
52257540 51756263 51756263 52257553 52257553 52261511 52257540 52303173
52257541 52257717 51756251 46140734 52257552 46140734 52257541 52257541
46444174 46113344 46420567 46420422 46444174 46416616 51777721 46420422
46416441 46416441 46442072 46416441 46420410 46416604 46416441 52002047
51756250 51756250 51754444 52257716 52002046 51756426 46442073 51756415
46140746 52303173 52257540 52303173 52257553 52261511 52257705 52261511
52257552 52257717 52257541 52303161 46140734 46140734 52257717 52257717
52261510 52305143 52261655 52257541 51754313 46136776 52261523 52257541
46136621 51754444 51754444 51754444 52257716 52305274 46136621 52257716
46136776 52261655 52261510 52305143 52305143 51754313 52261655 52305143
46140746 52261511 52303173 52257705 52257705 46140746 52257540 52257705
52002047 46416604 52002047 46416604 46416604 52002047 46420410 46416604
46140746 52257540 52261511 52257705 52257553 51756263 52261511 52303173
52002046 52305274 52002046 52002046 46115163 52303160 52305274 52303336
46416441 46416604 52002047 46416452 46115162 46416604 46416452 46420410
52303325 52303325 52257553 52303173 52303325 52001703 52305131 52001703
52303161 52002047 52303337 52303337 46115162 52303337 52305275 52305275
52261523 52261510 52305143 52261510 52257541 52305143 51754313 51754313
52303337 52303161 52305143 52303161 52257541 52257541 46115314 52303161
46115162 46420410 46416604 46442072 46416452 46115162 46442072 46420410
52305142 52257540 52305142 52303160 52305142 52303160 52303336 52303173
51754313 52305143 51754313 51754313 52261523 52261523 52257541 52257541
46115314 52001671 52001671 52305143 52001671 52303161 46115314 46115314
52305275 52303324 52305275 52303161 52303161 52303161 52303324 52305275
52001671 52001671 52305143 52305143 52303161 52257541 52305143 52303161
46416452 46442072 46416441 46416604 46416604 46420410 46416452 46416452
52303172 52303161 52305143 52303161 52305143 46115314 52303337 52001671
52257541 46140602 52257704 52257541 52303337 51756427 46140602 52261655
52257716 52303336 46140603 52257705 51756426 52257540 52261654 52257540
46416604 52002047 46420410 46115162 52002047 46115162 46115162 46442072
52303337 52303172 52303337 52002034 52303337 52303172 52305306 52303172
52257717 52257717 52002047 46115162 52303324 52305275 52303337 52303161
52261666 51754456 52305306 52257704 52261655 52257704 52257704 52261510
52303172 52305130 52001702 46115327 46115327 52305130 52305130 52303161
46115162 52305275 52303161 52257717 46115162 52303337 52002047 52303324
46115163 52303325 52305274 52305274 46115163 52305274 52303160 52002046
52303173 52257553 51756263 46140746 52261511 52303173 46140746 52257553
52257716 46115163 52257716 52303336 52303160 52002046 52002046 52303325
52257541 52303337 46140602 52261655 51756427 51756427 52257704 46140602
46115162 52002047 52002047 46442072 46416441 46115162 46442072 46416441
52303325 46115326 46113212 46416440 46115326 46115163 46140570 46115163
46416604 52002047 46442072 46420410 46416452 46416604 46442072 52002047
46416452 52002047 46442072 52002047 46420410 46442072 46416452 46416441
46442072 46115162 46416452 52002047 46416441 46115162 46416452 46416441
46416604 46115162 46442072 46420410 46420410 46420410 46416452 46420410
52002047 46416441 46416441 46416604 52002047 52002047 46416452 52002047
52002047 52002047 46115162 46420410 46420410 52002047 46416452 46442072
46416441 52002047 52002047 46420410 52002047 46416441 52002047 46416452
46442072 46442072 46420410 46416452 46115162 52002047 46442072 46442072
46115162 46115162 46442072 52002047 46416441 46420410 46416452 46442072
46416452 46420410 52002047 46420410 46416452 46420410 46442072 46420410
46416441 52002047 46416441 46416452 52002047 52002047 46442072 46416441
52002047 46416604 46416604 46115162 46442072 46416441 46416452 52002047
46115162 46416441 46442072 46416604 46416441 52002047 46416441 46420410
52002047 46416441 46115162 46416452 46416452 46416452 46420410 46416452
46115162 46442072 46115162 46420410 46416452 46416441 46416441 46115162
46416604 52002047 46115162 46416441 46416441 46115162 46416452 46416441
52002047 46416441 46115162 52002047 52002047 46442072 46416441 52002047
46416604 46442072 46416604 52002047 46442072 46442072 46416441 46416604
46416441 46416604 46442072 46416441 46416604 46442072 46416452 46416441
46136620 51754445 52261666 52261666 51754445 46136620 51754445 52261655
52303336 52257705 46140603 52261654 52303336 52257705 52261654 52257716
52257541 52261523 51754313 52305143 46136776 46136776 52261655 52257541
51754445 52261655 52305275 52257717 52305275 52261523 51754445 52305275
46416441 46420410 46416441 52002047 46416452 46416441 46442072 52002047
52303324 52257717 52303324 52303161 52303337 52257717 52305275 52303337
52303160 52002046 52305274 52002046 46115163 52305274 52257716 52002046
46115162 46420410 46416441 46115162 46416452 46442072 46416604 46416452
52303337 52257717 52261655 52257704 52257717 52257704 52303337 52257704
52261667 52261522 52261654 51754444 52261667 46136621 52261667 52261522
52305143 52257541 52261655 52257541 52305143 51754313 46136776 52261655
46136632 52305307 52261667 52305307 46136632 52257705 52305307 52261667
46115162 52002047 46416441 46416452 46416441 46420410 46115162 46420410
52257540 52257716 46140735 52257553 52257540 46140735 52257553 52261522
51754456 52261666 51754456 52257704 52261666 52305306 46136633 52257704
52261511 52257553 52257705 52257553 51756263 52257553 52261511 52261511
46136621 51754444 51754444 46136621 52257716 52305274 52305274 52261667
51756426 52257540 51756426 52257540 52257705 46140603 52303336 51756426
52305143 52257541 51754313 52305143 52261510 52305143 52261510 52257541
46115163 52305274 46115163 52303336 52303325 52303336 52257716 52303160
46420567 46420422 46420554 46420554 46444174 46444174 46420554 46420422
46416604 46416452 46115162 52002047 46416604 46416441 46416441 46420410
52257716 51756426 51756415 52002046 52002046 51756426 51756415 52257716
52257541 52261523 51754313 52257541 52257541 52261523 46136776 46136776
52257553 52257716 52257716 52261522 52257553 52303160 51756250 51756250
52303337 52257541 52303337 51756427 52303337 52303337 46140602 46140602
52257540 46115315 46115315 52001670 52303336 52303336 52303160 52303173
52305275 52305275 51754445 52261666 52261523 46136620 52261655 52261666
46442072 46416452 46416452 46442072 46416452 46442072 52002047 46416441
52261667 51754444 46136621 52261654 52261522 52261522 51754444 52261522
46115162 52257717 46115162 52303337 46115162 52303324 52257717 52303324
52261654 52257716 52261667 52257716 51754444 52305274 52261654 52261654
52257717 52303161 52257541 52303161 46140734 52257717 52261523 51756251
46416452 46416604 46442072 46442072 46420410 46420410 46416604 52002047
52303161 52257541 52257541 51756251 52261523 52257552 52257541 46140734
52305275 52261666 52261655 52261523 52261666 52261655 51754445 51754445
52261654 52261667 52257716 46136621 52257716 46136621 51754444 52257716
52303172 46115314 52303161 52303172 52303161 52303161 52303172 52303337
52261655 52257541 52261655 52261655 46140602 52261655 46140602 52257704
52305131 52257553 52303325 46115326 52257553 52001703 52257553 52303160
52257717 52002047 52303337 52303161 52305275 52002047 52002047 52303161
46140746 52257553 52303173 52257553 46140746 51756263 52257540 52257540
52257716 46115163 52305274 52303325 52303325 52305274 52303325 52305274
52002047 46442072 46416452 46416441 46416604 46416604 46115162 46420410
52257541 46136776 52305143 52261523 52261510 52257541 46136776 52257541
52257716 46136621 52261522 52261667 51754444 51754444 52261522 52261522
52305274 52305274 52257716 52305274 52303160 52002046 46115163 52303325
52261655 52261655 52257704 52261655 52257717 52261655 46140602 52257704
52303173 52303336 52001670 52303336 52257540 52001670 52303160 52303173
52257705 46140603 46140603 46140603 46140603 52303336 46140603 52261654
52305275 46115162 46115162 52002047 52303337 52303161 46115162 52002047
52305307 52261667 52257705 51754457 52305307 52257705 52261667 52261667
46416441 46442072 46420410 46416604 46115162 46416441 52002047 46115162
52002034 52303337 52303337 52257704 52002034 52303337 52002034 52303324
52303173 52261511 52261511 52257553 52257540 52257705 52257553 52257553
52303160 52303173 52257540 52303160 46115315 52303160 52305142 52305142
52261523 52261510 46136776 52305143 51754313 52261655 52261655 51754313
52257717 52002047 52002047 46115162 52305275 52303161 46115162 52303324
52303337 52257541 52257541 52001671 52305143 52303337 52303337 52001671
46420554 46444174 46444174 46420422 51777721 46420554 46444174 46420567
46115162 46420410 46416452 46416604 46420410 46420410 46115162 46416452
52261523 51756251 51756251 51754300 51754313 51754300 51754313 51754445
46115315 52303160 52303173 52303173 46115315 52305142 52303160 52303160
52257552 51756251 52257541 46140734 52257717 46140734 51756251 52257717
52257717 52303161 52305275 52303324 52303337 52002047 46115162 46115162
46442072 46420410 46442072 46416452 46416452 46420410 46115162 46420410
51756251 52303161 51756251 51756251 52257552 52257541 52261523 52257541
52257717 46115162 52257717 52257717 52303324 46115162 52303337 52303324
52303173 52303336 46115315 46115315 52001670 52303173 52303160 52303173
52303172 52001671 52305143 52001671 52303172 52257541 52257541 52001671
52305275 52257717 52002047 46115162 52257717 52305275 52303161 52303161
52001671 52257541 46115314 52257541 52303337 52303161 52257541 52305143
46115162 46416441 46420410 46420410 46420410 46416441 46420410 46416441
51756427 46140602 51756427 52257704 51756427 52261655 52303337 46140602
52305275 46115162 52002047 52002047 52303324 52303337 52303324 52303161
52305143 52261523 52261510 46136776 52305143 52305143 52261655 52261655
52303161 52303172 46115314 52303337 52303172 52303337 46115314 52257541
46136632 52261667 52261511 52305307 46136632 52261654 46136632 46136632
51754445 46136620 52257717 52261655 52257717 52261666 52261523 52261655
51756426 51756426 52257705 52261654 52261654 46140603 52261654 52303336
46416452 52002047 46442072 46416604 46420410 46416604 46115162 46416452
46115326 46140570 52303325 52303325 52303325 46115150 46113212 52303325
46416604 46416441 46416441 46416452 46416452 46416604 46442072 46442072
46442072 46416604 46416441 46416604 46442072 46416452 46442072 46115162
46420410 46416441 52002047 46416452 46416452 46420410 46416452 46420410
46420410 52002047 46416452 46416441 52002047 46420410 46416452 46416452
46115162 46420410 46420410 46416452 52002047 46416452 46115162 46420410
46115162 46115162 46420410 46416441 46420410 46115162 46420410 46420410
46115162 52002047 46416441 46416452 46115162 46420410 46416604 46420410
46442072 46416604 46416604 46416441 46416604 46416441 46416604 46416604
46420410 46416441 46416441 46416452 52002047 46416441 46420410 46420410
52002047 46416441 46416441 46420410 52002047 46416604 46442072 46420410
46416452 46416441 46442072 46416604 46416441 46442072 46420410 52002047
46115162 46442072 46115162 46115162 46115162 46115162 46416441 46416604
46420410 46442072 46416452 46416604 46416441 46416441 52002047 46416441
46416441 46442072 52002047 46416441 46442072 46416441 46442072 46416452
46416452 46416441 46416452 46442072 52002047 52002047 52002047 46416441
46420410 46416441 46416452 46420410 46416452 52002047 46416604 46416452
46442072 46115162 46115162 46416441 52002047 52002047 46115162 46115162
46416604 46115162 46442072 46115162 46442072 46115162 46442072 46416452
46115162 46442072 46416604 46416452 46416441 52002047 46115162 52002047
52305131 52303160 52257553 52303173 52305131 46115326 52257553 52305131
52303161 52303337 46115162 52303324 52303161 52257717 52257717 52303337
52257541 51754313 52257541 52257541 51754313 52305143 52261523 52261523
52303172 46115314 52303172 52303161 52303161 46115314 52305143 52303161
46416452 46420410 46416441 46416441 46442072 46115162 46416441 46442072
52303172 52002034 52303172 46115151 52305306 52002034 46115151 52303324
52261655 52261510 51754313 52257541 52305143 52305143 52261510 52261523
52002034 52002034 52257704 46115151 52257704 52305306 52257704 46115151
52303337 51756427 52261655 52257704 52261655 51756427 52257717 52261655
52303160 52257540 52303173 52303160 52001670 52303160 52305142 52001670
52303160 52305142 52257540 52305142 52257540 52303160 52257540 52305142
46140746 52261511 52303173 52257705 52261511 52257540 51756263 52261511
46416452 46416441 46416604 46442072 46442072 46416452 46416604 46442072
52261522 52261522 52261522 46136621 52305274 52261654 52261667 52261654
52261655 52261523 51754313 52261655 51754313 52261655 51754313 46136776
51756250 52257716 52257716 52261522 52257716 52257553 46140735 52261522
46136777 52261511 52305142 52257540 52305142 52261654 52261654 52257540
51777721 46420422 46444174 46113344 46420567 51777721 51777721 46420567
46420410 46416604 46416452 46442072 46442072 52002047 46416452 46416452
51756263 46444174 51754457 52261511 51754457 51754301 46444174 51756263
52261523 52261666 52261655 46136620 52261523 46136620 52261666 46136620
52257716 52261667 46136621 52257716 52261522 46136621 52261522 51754444
46140570 46140570 46140570 52257553 52303325 52303325 46140570 52257716
52002047 46115162 52257717 46115162 52303161 52002047 52303161 52305275
46140602 51756427 52257717 51756427 52257541 52257704 52303337 52257704
46420410 52002047 46416604 46420410 46416452 46115162 46416452 46115162
52305131 52303325 52303173 52303325 52303160 52303173 52305131 52305131
46115162 46115162 52002047 52303337 52002047 46115162 52257717 52305275
52261510 52305143 52261523 52257541 52305143 51754313 52261510 52261523
52303337 52303337 46115314 52305143 52305143 52303161 52303172 52303172
52305131 52303160 52303325 52303173 52257553 52303173 52305131 52303325
52303161 52303161 52303161 52303161 52303337 46115162 46115162 52303161
52261655 52261655 52257541 52257541 46140602 52303337 46140602 52303337
46416452 46442072 52002047 46442072 46416452 46416604 46420410 46442072
52257717 52303337 46140602 52303337 52257717 52257717 51756427 52257541
52257553 51756415 46140570 52257705 46140570 51756415 52257705 46140570
52303337 52257717 52257541 52257704 52261655 52257717 51756427 51756427
52305143 52001671 52303337 52257541 52303172 52257541 52305143 52303172
52305274 46115163 46115163 52002046 46115163 52305274 52257716 52257716
52261511 46140746 52257540 52257553 52261511 52257553 52261511 52257540
52303161 52303172 52303337 52001671 46115314 52305143 52257541 52303337
46115162 46416604 46416452 46416604 46115162 46442072 46416452 52002047
52257716 52303336 51756426 52257705 46140603 46140603 52257540 52257716
52257541 52257541 52261510 52261655 46136776 52257541 52261510 52261510
46140746 52257553 46140746 51756263 52257540 52257540 52257540 46140746
52261654 52261511 51754457 52261654 52261654 51754457 52261667 52261511
46416604 46416604 46416441 46416604 46416604 46115162 46420410 46416452
52257541 52261510 52261510 46136776 46136776 52261523 52305143 51754313
52261667 46136621 46136621 46136621 52261654 52305274 52261522 52257716
46416604 46442072 46442072 46416452 46416452 46416441 46115162 52002047
52257553 46140746 52261511 52261511 46140746 52261511 52257540 52303173
52305142 52303173 52303336 46115315 52305142 52303336 52001670 52305142
52257541 52257541 51756251 52257541 52303161 46140734 52261523 46140734
52002047 52002047 52303324 52305275 52257717 52305275 52257717 46115162
46416441 46442072 46115162 46416452 46420410 46115162 46442072 46442072
52257541 52303161 52257541 52257541 52303161 52303161 52257552 52261523
52303324 52002047 52303337 52303161 52305275 52303337 52002047 52305275
52303160 52303160 52257540 52303173 46115315 52001670 52303336 46115315
52303161 46115314 52303172 46115314 52257541 52303161 46115314 52305143
52303337 52303324 52303337 52303324 46115162 46115162 52305275 52303324
52305143 52305143 46115314 52303172 52303337 46115314 52303161 52303161
46420422 46444174 46420422 46420422 46444174 46416616 46113344 46113344
46416604 46420410 46442072 46442072 52002047 46416441 46416604 46416604
51754301 46444174 51756263 51777721 51754457 51754301 51777721 51754301
52303324 52002047 52303324 52303161 52305275 52303161 52305275 52303161
52305142 52303160 52001670 52303173 52303173 52305142 52305142 52303336
52303161 52303337 52001671 52305143 52305143 52305143 52303172 52303172
52303324 52257717 52303337 46115162 52303161 52305275 52257717 52257717
52001671 52303172 52305143 52305143 52303161 52303161 52305143 46115314
46442072 46416441 46416604 52002047 46416441 46442072 46115162 46442072
52303160 52303160 52002046 52303160 52303160 52303160 52303160 52303325
52303337 52303161 52303337 46115162 52303324 52305275 46115162 52303161
52303336 52257540 52303160 52303336 52001670 52001670 52257540 52303173
46115327 52001702 52257552 52303172 52303161 46115327 52303161 52257552
52257541 52261655 52257541 52257541 52261510 46136776 46136776 52305143
52303161 52305143 52305143 46115314 52305143 52257541 52257541 52303337
46416441 46416441 46416604 46115162 46442072 52002047 46416452 46115162
52261511 52305307 51754457 52261654 52261511 51754457 46136632 46136632
46140746 46140746 52261511 51756263 52261511 52257540 52303173 52257540
52305143 52001671 52257541 52305143 52303161 52303172 52305143 52303337
52305143 52303172 52303172 46115314 52303161 46115314 52001671 52303161
52257553 52257553 52257705 52303173 52257553 46140746 52257705 52257705
52303325 46140570 46416440 52303325 46115150 46416440 46115326 46140570
46416452 46416604 46442072 46416452 46416441 46416441 46416441 46416441
52002047 46442072 52002047 52002047 46442072 46115162 46416604 46420410
46115162 52002047 46416452 52002047 46442072 46115162 46416604 46442072
46416441 46416604 46442072 52002047 46420410 46416452 46115162 46420410
46115162 46416452 46115162 46442072 46416452 46115162 46420410 46416604
46420410 46115162 46416441 46420410 46420410 46416604 46442072 46420410
46420410 52002047 46115162 46115162 46420410 46416452 46420410 46115162
46420410 46416441 46416604 46416441 46416441 46420410 52002047 46420410
46442072 52002047 46442072 46416441 46416452 52002047 46115162 46420410
52002047 46420410 46420410 46442072 46442072 46416452 46416452 46416452
46416452 46420410 46416441 46442072 52002047 46420410 46416604 52002047
46115162 46115162 46115162 46420410 52002047 46420410 46416604 46416452
46416604 46416604 46416604 46420410 46416441 46416441 46420410 46416452
46442072 46416452 46416604 46416604 46442072 46115162 46115162 46420410
46416441 46115162 46416452 52002047 46416452 46420410 46416604 46416452
46416604 46420410 46420410 46416604 46115162 46420410 46416604 46115162
52002047 46442072 46442072 46416441 46442072 46416452 46416452 46442072
46420410 52002047 46442072 46115162 52002047 46416604 46115162 46416441
46420410 46416604 52002047 46416452 46442072 46442072 46420410 46416604
46115163 52257716 52305274 52305274 46115163 52257716 52303325 52303325
52257541 52261510 52257541 46136776 46136776 52257541 52261510 51754313
52261667 46136621 46136621 52305274 52257716 46136621 52257716 51754444
52257717 46140734 52261523 52303161 52303161 46140734 51756251 51756251
52261655 52261523 51754313 52305143 52305143 52257541 52261655 52305143
52261654 52303336 52303336 52303336 46140603 52257705 52257716 46140603
52303324 52303324 52002047 52257717 52303337 46115162 52303337 52303337
52305274 52261522 52257716 52261667 52261522 46136621 52257716 46136621
52303336 46115163 52303160 52305274 52303336 52303160 52303325 52257716
46115162 46416441 46416604 46115162 46115162 46420410 52002047 46416452
52303336 52257540 46140603 46140603 52303336 52257705 52261654 52303336
52305275 46115162 52257717 52303324 52305275 52303161 52303161 52002047
52261523 52261523 52257541 52261523 52305143 52261655 46136776 52261510
46444174 51777721 46420554 46444174 46444174 46420422 46420567 46416616
46416441 46416441 46442072 46416452 52002047 46442072 52002047 46442072
52002034 51756414 52002034 51756414 51754456 51756427 51756427 51756427
52261655 52257541 52303337 52257717 51756427 52257704 52257717 52257704
52257541 52257717 52257541 52257541 52257717 52257552 52257552 52257717
46442072 46115162 46416452 46416604 46442072 46416452 46416604 52002047
52303336 52002046 52303325 52305274 52303160 52257716 52257716 52303160
52261655 52261655 46136776 51754313 46136776 52261655 52257541 51754313
46136621 52261654 52261654 51754444 52261654 46136621 51754444 52257716
52257717 52257552 52257552 46140734 52257552 52257717 51756251 52303161
46136776 52305143 51754313 52261510 52261523 51754313 52261510 51754313
52257540 52303336 52257716 52303336 52257705 52303336 52257716 52261654
52305275 52305275 52303324 52303337 52002047 52305275 46115162 52303161
51754444 52261654 52261654 52305274 52261654 52261522 52261654 46136621
52002046 52305274 46115163 52305274 52303336 52305274 52303336 52303160
46115162 46416441 46442072 46115162 46420410 46416604 52002047 52002047
52303161 46115327 52303324 52303161 52001702 52303161 52001702 52257552
46115315 52257540 52303173 52305142 52303173 52303173 46115315 52303160
51756263 46140746 52257540 46140746 52257553 52257553 52257540 46140746
51756427 52261655 52257704 52303337 52261655 52257541 52257717 52303337
46115314 52001671 52303337 52303337 52303172 52001671 52303161 52303161
52303337 52257541 52257717 52303337 52261655 46140602 52303337 52303337
52261654 52261667 52261522 51754444 52261667 52261667 52305274 46136621
52002046 52303336 52305274 52303325 46115163 52305274 52305274 52002046
46442072 46416604 46442072 46416452 46115162 46416441 46416441 52002047
52305143 52257541 52305143 46115314 52303172 46115314 52257541 52303172
52303337 52257704 52261655 52303337 52257541 51756427 52257717 52257541
46136632 46136632 52261654 52261667 46136632 52305307 52261667 52305307
52303172 46115327 52257552 52305130 52257552 52257552 52303172 52305130
51756427 52257717 51756427 51756427 52257541 51756427 51756427 52257717
46115315 52305142 52001670 52303160 46115315 52303173 52303160 52001670
46115162 46442072 46416441 46416452 46420410 46115162 46115162 46416604
52257704 52261666 52257704 52303324 52303324 52257717 46140571 46140571
52257717 51756427 51756427 51756427 52257704 46140602 51756427 52257717
46115162 52305275 52303161 52002047 52303337 52305275 52303337 46115162
51756415 52257705 52257716 52303325 46140570 52261667 46140570 52257705
51754313 52261655 52257541 51754313 52305143 51754313 51754313 52257541
46140746 52303173 51756263 52257540 52303173 52257540 52261511 52257705
52257716 52303336 52303160 52303325 52303325 46115163 52257716 52303325
46416441 46416604 46420410 46416452 46115162 46416452 46115162 46416604
52305274 52261522 52257716 51754444 46136621 52261654 51754444 52257716
52261523 52261523 52261523 51754313 51754313 52257541 52305143 52261655
52303160 52257553 52257716 51756250 52261522 52257716 46140735 51756250
52261654 52305142 52305142 52261522 52257540 52261511 46136777 52257540
46416452 46416604 52002047 46420410 52002047 46416441 46416452 46115162
52303161 52001671 52257541 52303161 52001671 52001671 52303161 52257541
52257704 51756427 51756427 52303337 51756427 52257717 46140602 52257704
46140603 52257716 52261654 52257705 52257540 46140603 46140603 52303336
51777721 51777721 51777721 46113344 46420554 46416616 46420567 46420567
46115162 46416452 46442072 46416604 46442072 46115162 52002047 46442072
52305274 52000077 52305274 46420411 51754444 51777732 52000064 51777732
51754313 52257541 52257541 46136776 52305143 52261510 52257541 46136776
46115163 46115163 52305274 52305274 52303160 52303325 52002046 52303325
52257705 52257540 52257553 52303173 46140746 51756263 51756263 52257553
52257704 52257541 52257541 51756427 52257717 52257704 52261655 52257717
46416452 46416441 46115162 46420410 46420410 46420410 46416604 52002047
52257717 51756251 52261523 52257541 52257541 52257552 52257541 46140734
52261666 46136620 52257717 52261655 52261523 52261666 52261655 51754445
46136621 52305274 52261522 52261654 52305274 51754444 52261667 52257716
51756415 52257553 52261667 52261667 51756415 52303325 52303325 52261667
52002047 52305275 52257717 52305275 52257717 52303337 52002047 52303337
51756427 51756427 52257541 46140602 52257704 52261655 52303337 51756427
46115162 46115162 46420410 46420410 52002047 46442072 46442072 46115162
52257541 52261655 52303337 46140602 46140602 52261655 52257717 51756427
46115162 52002047 52305275 52257717 52002047 52303324 52257717 52002047
52002047 52002047 52002047 46416452 46442072 46442072 46416604 46115162
46115163 46416440 46416440 46115326 46113212 46113212 46140570 52303325
46420410 46442072 46442072 46416452 46115162 46416604 46416604 46115162
46442072 46420410 46416441 46442072 46420410 46420410 46416604 52002047
46442072 52002047 46416604 46416604 46416452 46420410 52002047 52002047
46442072 46416441 46115162 46416604 46115162 52002047 46416604 52002047
52002047 46416452 46442072 52002047 46416441 46115162 46420410 46416441
46420410 46115162 52002047 46442072 46420410 46416604 46115162 46416604
52002047 46442072 46416452 52002047 52002047 46442072 46442072 46416604
46442072 46420410 46416452 46442072 46416452 52002047 46416604 46115162
46416452 46420410 46416441 52002047 46115162 46420410 46442072 52002047
46416604 46115162 46416604 46416604 46416441 46115162 52002047 46416604
46416452 52002047 52002047 46442072 46416604 46416441 46420410 46416604
46416452 46416441 46416441 46115162 46115162 52002047 52002047 46115162
46416452 46115162 46416441 46115162 46416604 52002047 46442072 46442072
46442072 52002047 46442072 46115162 46416452 52002047 46442072 46420410
46420410 46416441 46420410 46420410 46416452 46416604 46416441 46416452
46416441 46416441 46416441 46416441 46416604 46416441 46416441 46416441
46442072 52002047 46115162 46416604 52002047 46442072 46416604 46416604
46416452 46420410 46416604 46416452 46416604 46416441 46416604 46115162
52002047 46442072 52002047 46115162 52002047 46416604 52002047 46442072
52257717 46140734 52261523 52261523 52257552 52257541 52257552 52257552
52261666 46136620 52261523 51754445 46136620 52261523 52261666 52261655
52305274 51754444 52261654 52305274 52257716 52261654 51754444 46136621
52303161 46115314 52257541 52303337 52303172 52303172 52001671 52001671
46140602 52257717 52257541 52257704 52303337 52257717 52257717 52303337
52303173 52303160 52305131 52303325 52305131 52257553 52303325 52303325
52303337 52257717 52257717 52002047 52257717 52303161 52305275 46115162
52261511 46140746 46140746 52257553 52257705 52257553 46140746 46140746
52257716 52257716 52303325 52303325 52002046 52002046 52002046 52257716
46442072 46442072 46416452 46416452 46442072 46420410 46442072 52002047
52257705 52257540 52303173 52257705 52257553 52261511 52257540 52257553
52257552 52303161 52257717 52257552 52261523 52257717 52303161 51756251
46416616 46113344 46420422 46416616 51777721 46416616 51777721 46420567
